4
0.5 0.7
-3 -0.5
4 0.2
0 0

102
5 0
4.9 0.994987
4.8 1.4
4.7 1.70587
4.6 1.95959
4.5 2.17945
4.4 2.37487
4.3 2.55147
4.2 2.71293
4.1 2.86182
4 3
3.9 3.1289
3.8 3.24961
3.7 3.36303
3.6 3.46987
3.5 3.57071
3.4 3.66606
3.3 3.75633
3.2 3.84187
3.1 3.92301
3 4
2.9 4.07308
2.8 4.14246
2.7 4.20833
2.6 4.27083
2.5 4.33013
2.4 4.38634
2.3 4.43959
2.2 4.48999
2.1 4.53762
2 4.58258
1.9 4.62493
1.8 4.66476
1.7 4.70213
1.6 4.73709
1.5 4.7697
1.4 4.8
1.3 4.82804
1.2 4.85386
1.1 4.8775
1 4.89898
0.9 4.91833
0.8 4.93558
0.7 4.95076
0.6 4.96387
0.5 4.97494
0.4 4.98397
0.3 4.99099
0.2 4.996
0.1 4.999
-0 5
-0.1 4.999
-0.2 4.996
-0.3 4.99099
-0.4 4.98397
-0.5 4.97494
-0.6 4.96387
-0.7 4.95076
-0.8 4.93558
-0.9 4.91833
-1 4.89898
-1.1 4.8775
-1.2 4.85386
-1.3 4.82804
-1.4 4.8
-1.5 4.7697
-1.6 4.73709
-1.7 4.70213
-1.8 4.66476
-1.9 4.62493
-2 4.58258
-2.1 4.53762
-2.2 4.48999
-2.3 4.43959
-2.4 4.38634
-2.5 4.33013
-2.6 4.27083
-2.7 4.20833
-2.8 4.14246
-2.9 4.07308
-3 4
-3.1 3.92301
-3.2 3.84187
-3.3 3.75633
-3.4 3.66606
-3.5 3.57071
-3.6 3.46987
-3.7 3.36303
-3.8 3.24961
-3.9 3.1289
-4 3
-4.1 2.86182
-4.2 2.71293
-4.3 2.55147
-4.4 2.37487
-4.5 2.17945
-4.6 1.95959
-4.7 1.70587
-4.8 1.4
-4.9 0.994987
-5 0
0 -3.9
